num = [0.635]
den = [3187.8 161.35 1]
tf = (num,den)